0 0 1.1534
0.0931507 0.0208333 1.1534
0.186301 0.0416667 1.1534
0.279452 0.0625 1.1534
0.372603 0.0833333 1.1534
0.465753 0.104167 1.1534
0.558904 0.125 1.1534
0.652055 0.145833 1.1534
0.745205 0.166667 1.1534
0.838356 0.1875 1.1534
0.931507 0.208333 1.1534
1.02466 0.229167 1.1534
1.11781 0.25 1.1534
1.21096 0.270833 1.1534
1.30411 0.291667 1.1534
1.39726 0.3125 1.1534
1.49041 0.333333 1.15339
1.58356 0.354167 1.15339
1.67671 0.375 1.15338
1.76986 0.395833 1.15337
1.86301 0.416667 1.15337
1.95616 0.4375 1.15335
2.04932 0.458333 1.15334
2.14247 0.479167 1.15332
2.23562 0.5 1.1533
2.32877 0.520833 1.15328
2.42192 0.541667 1.15325
2.51507 0.5625 1.15321
2.60822 0.583333 1.15317
2.70137 0.604167 1.15312
2.79452 0.625 1.15307
2.88767 0.645833 1.15301
2.98082 0.666667 1.15294
3.07397 0.6875 1.15286
3.16712 0.708333 1.15277
3.26027 0.729167 1.15267
3.35342 0.75 1.15256
3.44658 0.770833 1.15243
3.53973 0.791667 1.15229
3.63288 0.8125 1.15214
3.72603 0.833333 1.15197
3.81918 0.854167 1.15179
3.91233 0.875 1.15158
4.00548 0.895833 1.15136
4.09863 0.916667 1.15112
4.19178 0.9375 1.15086
4.28493 0.958333 1.15057
4.37808 0.979167 1.15026
4.47123 1 1.14993
4.56438 1.02083 1.14958
4.65753 1.04167 1.14919
4.75068 1.0625 1.14878
4.84384 1.08333 1.14834
4.93699 1.10417 1.14788
5.03014 1.125 1.14738
5.12329 1.14583 1.14685
5.21644 1.16667 1.14629
5.30959 1.1875 1.1457
5.40274 1.20833 1.14507
5.49589 1.22917 1.14441
5.58904 1.25 1.14371
5.68219 1.27083 1.14298
5.77534 1.29167 1.14221
5.86849 1.3125 1.14141
5.96164 1.33333 1.14057
6.05479 1.35417 1.13969
6.14795 1.375 1.13877
6.2411 1.39583 1.13782
6.33425 1.41667 1.13682
6.4274 1.4375 1.13579
6.52055 1.45833 1.13473
6.6137 1.47917 1.13362
6.70685 1.5 1.13248
6.8 1.52083 1.1313
6.89315 1.54167 1.13008
6.9863 1.5625 1.12883
7.07945 1.58333 1.12754
7.1726 1.60417 1.12621
7.26575 1.625 1.12486
7.3589 1.64583 1.12347
7.45205 1.66667 1.12204
7.54521 1.6875 1.12059
7.63836 1.70833 1.1191
7.73151 1.72917 1.11759
7.82466 1.75 1.11605
7.91781 1.77083 1.11448
8.01096 1.79167 1.11289
8.10411 1.8125 1.11128
8.19726 1.83333 1.10964
8.29041 1.85417 1.10798
8.38356 1.875 1.1063
8.47671 1.89583 1.10461
8.56986 1.91667 1.1029
8.66301 1.9375 1.10118
8.75616 1.95833 1.09944
8.84932 1.97917 1.09769
8.94247 2 1.09594
9.03562 2.02083 1.09417
9.12877 2.04167 1.0924
9.22192 2.0625 1.09063
9.31507 2.08333 1.08886
9.40822 2.10417 1.08708
9.50137 2.125 1.08531
9.59452 2.14583 1.08353
9.68767 2.16667 1.08177
9.78082 2.1875 1.08
9.87397 2.20833 1.07825
9.96712 2.22917 1.0765
10.0603 2.25 1.07477
10.1534 2.27083 1.07304
10.2466 2.29167 1.07133
10.3397 2.3125 1.06963
10.4329 2.33333 1.06794
10.526 2.35417 1.06628
10.6192 2.375 1.06463
10.7123 2.39583 1.06299
10.8055 2.41667 1.06138
10.8986 2.4375 1.05979
10.9918 2.45833 1.05822
11.0849 2.47917 1.05667
11.1781 2.5 1.05514
11.2712 2.52083 1.05363
11.3644 2.54167 1.05215
11.4575 2.5625 1.05069
11.5507 2.58333 1.04926
11.6438 2.60417 1.04785
11.737 2.625 1.04647
11.8301 2.64583 1.04511
11.9233 2.66667 1.04378
12.0164 2.6875 1.04248
12.1096 2.70833 1.0412
12.2027 2.72917 1.03995
12.2959 2.75 1.03872
12.389 2.77083 1.03752
12.4822 2.79167 1.03635
12.5753 2.8125 1.03521
12.6685 2.83333 1.03409
12.7616 2.85417 1.03299
12.8548 2.875 1.03193
12.9479 2.89583 1.03089
13.0411 2.91667 1.02987
13.1342 2.9375 1.02888
13.2274 2.95833 1.02792
13.3205 2.97917 1.02698
13.4137 3 1.02607
13.5068 3.02083 1.02518
13.6 3.04167 1.02432
13.6932 3.0625 1.02348
13.7863 3.08333 1.02266
13.8795 3.10417 1.02187
13.9726 3.125 1.0211
14.0658 3.14583 1.02035
14.1589 3.16667 1.01962
14.2521 3.1875 1.01892
14.3452 3.20833 1.01823
14.4384 3.22917 1.01757
14.5315 3.25 1.01693
14.6247 3.27083 1.01631
14.7178 3.29167 1.0157
14.811 3.3125 1.01512
14.9041 3.33333 1.01455
14.9973 3.35417 1.01401
15.0904 3.375 1.01348
15.1836 3.39583 1.01296
15.2767 3.41667 1.01247
15.3699 3.4375 1.01199
15.463 3.45833 1.01153
15.5562 3.47917 1.01108
15.6493 3.5 1.01065
15.7425 3.52083 1.01023
15.8356 3.54167 1.00983
15.9288 3.5625 1.00944
16.0219 3.58333 1.00907
16.1151 3.60417 1.00871
16.2082 3.625 1.00836
16.3014 3.64583 1.00802
16.3945 3.66667 1.0077
16.4877 3.6875 1.00739
16.5808 3.70833 1.00709
16.674 3.72917 1.0068
16.7671 3.75 1.00652
16.8603 3.77083 1.00625
16.9534 3.79167 1.00599
17.0466 3.8125 1.00574
17.1397 3.83333 1.0055
17.2329 3.85417 1.00527
17.326 3.875 1.00505
17.4192 3.89583 1.00484
17.5123 3.91667 1.00463
17.6055 3.9375 1.00444
17.6986 3.95833 1.00425
17.7918 3.97917 1.00407
17.8849 4 1.00389
17.9781 4.02083 1.00372
18.0712 4.04167 1.00356
18.1644 4.0625 1.00341
18.2575 4.08333 1.00326
18.3507 4.10417 1.00312
18.4438 4.125 1.00298
18.537 4.14583 1.00285
18.6301 4.16667 1.00272
18.7233 4.1875 1.0026
18.8164 4.20833 1.00249
18.9096 4.22917 1.00238
19.0027 4.25 1.00227
19.0959 4.27083 1.00217
19.189 4.29167 1.00207
19.2822 4.3125 1.00198
19.3753 4.33333 1.00189
19.4685 4.35417 1.0018
19.5616 4.375 1.00172
19.6548 4.39583 1.00164
19.7479 4.41667 1.00157
19.8411 4.4375 1.0015
19.9342 4.45833 1.00143
20.0274 4.47917 1.00136
20.1205 4.5 1.0013
20.2137 4.52083 1.00124
20.3068 4.54167 1.00118
20.4 4.5625 1.00112
20.4932 4.58333 1.00107
20.5863 4.60417 1.00102
20.6795 4.625 1.00097
20.7726 4.64583 1.00093
20.8658 4.66667 1.00088
20.9589 4.6875 1.00084
21.0521 4.70833 1.0008
21.1452 4.72917 1.00076
21.2384 4.75 1.00073
21.3315 4.77083 1.00069
21.4247 4.79167 1.00066
21.5178 4.8125 1.00063
21.611 4.83333 1.0006
21.7041 4.85417 1.00057
